06030001
00000101
0000000F
00000160
00000001
0001D000
0000002C
00000800
00000000
00000000
00000000
80000000
00000000
00000000
02000000
00000081
00000018
0001D004
00000000
00000000
00000000
00000001
0001D020
0000002C
00000001
00000000
00000000
00000000
80000000
00000000
00000000
02000000
00000081
00000018
0001D024
00000001
00000000
00000000
00000001
0001D040
0000002C
00000800
00000000
00000000
00000000
80000000
00000000
00000000
02000000
00000081
00000018
0001D044
00000002
00000000
00000000
00000003
0001D210
00000F00
00000F00
00000000
0001D214
80000000
00000003
0001D218
00000F00
00000F00
00000000
0001D21C
80000001
00000003
0001D200
00000F00
00000F00
00000000
0001D204
80000002
00000080
00000010
00000001
00010100
00000080
00000010
00000001
01010100
00000080
00000010
00000000
00010100
