00220002
f0000000
0005fc15
ac0a3630
d8fe8012
05542220
e22620e2
26202120
00220002
21202120
21202120
21202120
21202207
542220e2
2620e226
20212021
80020001
f0000000
0005fc1d
70dbfffe
dbffdb59
600670fe
d8376006
70d83760
00220002
20212021
20212021
20212021
20220754
2220e226
20e22620
21202120
00220002
21202120
21202120
21202120
22075422
20e22620
e2262021
20212021
00220002
20212021
20212021
20212022
07542220
e22620e2
26202120
21202120
00220002
21202120
21202120
21202207
542220e2
2620e226
20212021
20212021
00220002
20212021
20212021
20220754
2220e226
20e22620
21202120
21202120
80020001
0670d837
600670fe
d8376006
70d83760
0670d837
600670fe
d8376006
00220002
21202120
21202120
22075422
20e22620
e2262021
20212021
20212021
00220002
20212021
20212022
07542220
e22620e2
26202120
21202120
21202120
00220002
21202120
21202207
542220e2
2620e226
20212021
20212021
20212021
00220002
20212021
20220754
2220e226
20e22620
21202120
21202120
21202120
00220002
21202120
22075422
20e22620
e2262021
20212021
20212021
20212021
00220002
20212022
07542220
e22620e2
26202120
21202120
21202120
21202120
80020001
70d83760
0670d837
600670fe
d8376006
70d83760
0670d837
600670fe
00220002
21202207
542220e2
2620e226
20212021
20212021
20212021
20212021
00220002
20220754
2220e226
20e22620
21202120
21202120
21202120
21202120
00220002
22075422
20e22620
e2262021
20212021
20212021
20212021
20212022
00220002
07542220
e22620e2
26202120
21202120
21202120
21202120
21202207
80020001
d8376006
70d83760
0670d837
600670fe
d8376006
70d83760
0670d837
00220002
542220e2
2620e226
20212021
20212021
20212021
20212021
20220754
00220002
2220e226
20e22620
21202120
21202120
21202120
21202120
22075422
00220002
20e22620
e2262021
20212021
20212021
20212021
20212022
07542220
00220002
e22620e2
26202120
21202120
21202120
21202120
21202207
542220e2
00220002
2620e226
20212021
20212021
20212021
20212021
20220754
2220e226
80020001
600670fe
d8376006
70d83760
0670d837
600670fe
d8376006
70d83760
00220002
20e22620
21202120
21202120
21202120
21202120
22075422
20e22620
00220002
e2262021
20212021
20212021
20212021
20212022
07542220
e22620e2
00220002
26202120
21202120
21202120
21202120
21202207
542220e2
2620e226
00220002
20212021
20212021
20212021
20212021
20220754
2220e226
20e22620
00220002
21202120
21202120
21202120
21202120
22075422
20e22620
e2262021
80020001
0670d837
600670fe
d8376006
70d83760
0670d837
600670fe
d8376006
00220002
20212021
20212021
20212021
20212022
07542220
e22620e2
26202120
00220002
21202120
21202120
21202120
21202207
542220e2
2620e226
20212021
00220002
20212021
20212021
20212021
20220754
2220e226
20e22620
21202120
00000000
00000000
00000000
00000000
00000000
00000000
00000000
00000000
00000000
00000000
00000000
00000000
00000000
00000000
00000000
00000000
00000000
00000000
00000000
00000000
00000000
00000000
00000000
00000000
00000000
00000000
00000000
00000000
00000000
00000000
00000000
00000000
00000000
00000000
00000000
00000000
00000000
00000000
00000000
00000000
00000000
00000000
00000000
00000000
00000000
00000000
00000000
00000000
00000000
00000000
00000000
00000000
00000000
00000000
00000000
00000000
00000000
00000000
00000000
00000000
00000000
00000000
00000000
00000000
00000000
00000000
00000000
00000000
00000000
00000000
00000000
00000000
00000000
00000000
00000000
00000000
00000000
00000000
00000000
00000000
00000000
00000000
00000000
00000000
00000000
00000000
00000000
00000000
00000000
00000000
00000000
00000000
00000000
00000000
00000000
00000000
00000000
00000000
00000000
00000000
00000000
00000000
00000000
00000000
00000000
00000000
00000000
00000000
00000000
00000000
00000000
00000000
00000000
00000000
00000000
00000000
00000000
00000000
00000000
00000000
00000000
00000000
00000000
00000000
00000000
00000000
00000000
00000000
00000000
00000000
00000000
00000000
00000000
00000000
00000000
00000000
00000000
00000000
00000000
00000000
00000000
00000000
00000000
00000000
00000000
00000000
00000000
00000000
00000000
00000000
00000000
00000000
00000000
00000000
00000000
00000000
00000000
00000000
00000000
00000000
00000000
00000000
00000000
00000000
00000000
00000000
00000000
00000000
00000000
00000000
00000000
00000000
00000000
00000000
00000000
00000000
00000000
00000000
00000000
00000000
00000000
00000000
00000000
00000000
00000000
00000000
00000000
00000000
00000000
00000000
00000000
00000000
00000000
00000000
00000000
00000000
00000000
00000000
00000000
00000000
00000000
00000000
00000000
00000000
00000000
00000000
00000000
00000000
00000000
00000000
00000000
00000000
00000000
00000000
00000000
00000000
00000000
00000000
00000000
00000000
00000000
00000000
00000000
00000000
00000000
00000000
00000000
00000000
00000000
00000000
00000000
00000000
00000000
00000000
00000000
00000000
00000000
00000000
00000000
00000000
00000000
00000000
00000000
00000000
00000000
00000000
00000000
00000000
00000000
00000000
00000000
00000000
00000000
00000000
00000000
00000000
00000000
00000000
00000000
00000000
00000000
00000000
00000000
00000000
00000000
00000000
00000000
00000000
00000000
00000000
00000000
00000000
00000000
00000000
00000000
00000000
00000000
00000000
00000000
00000000
00000000
00000000
00000000
00000000
00000000
00000000
00000000
00000000
00000000
00000000
00000000
00000000
00000000
00000000
00000000
00000000
00000000
00000000
00000000
00000000
00000000
00000000
00000000
00000000
00000000
00000000
00000000
00000000
00000000
00000000
00000000
00000000
00000000
00000000
00000000
00000000
00000000
00000000
00000000
00000000
00000000
00000000
00000000
00000000
00000000
00000000
00000000
00000000
00000000
00000000
00000000
00000000
00000000
00000000
00000000
00000000
00000000
00000000
00000000
00000000
00000000
00000000
00000000
00000000
00000000
00000000
00000000
00000000
00000000
00000000
00000000
00000000
00000000
00000000
00000000
00000000
00000000
00000000
00000000
00000000
00000000
00000000
00000000
00000000
00000000
00000000
00000000
00000000
00000000
00000000
00000000
00000000
00000000
00000000
00000000
00000000
00000000
00000000
00000000
00000000
00000000
00000000
00000000
00000000
00000000
00000000
00000000
00000000
00000000
00000000
00000000
00000000
00000000
00000000
00000000
00000000
00000000
00000000
00000000
00000000
00000000
00000000
00000000
00000000
00000000
00000000
00000000
00000000
00000000
00000000
00000000
00000000
00000000
00000000
00000000
00000000
00000000
00000000
00000000
00000000
00000000
00000000
00000000
00000000
00000000
00000000
00000000
00000000
00000000
00000000
00000000
00000000
00000000
00000000
00000000
00000000
00000000
00000000
00000000
00000000
00000000
00000000
00000000
00000000
00000000
00000000
00000000
00000000
00000000
00000000
00000000
00000000
00000000
00000000
00000000
00000000
00000000
00000000
00000000
00000000
00000000
00000000
00000000
00000000
00000000
00000000
00000000
00000000
00000000
00000000
00000000
00000000
00000000
00000000
00000000
00000000
00000000
00000000
00000000
00000000
